V2: after two-mirror optimization

1.0
beam direction:
        [0. 1. 0.]
        [0.         0.59617935 0.80285129]
        [0. 1. 0.]
        [0.         0.99990252 0.01396218]
        [0. 1. 0.]
        [ 0.          0.59617935 -0.80285129]
        [0. 1. 0.]

OEs position:
        crystal0: [  0. 100.   0.]
        crystal1: [  0.         117.88538036  24.0855386 ]
        parabolic_mirror2: [  0.         137.88538036  24.0855386 ]
        parabolic_mirror3: [  0.         737.82689476  32.4628468 ]
        crystal4: [  0.         757.82689476  32.4628468 ]
        crystal5: [  0.         775.71227512   8.3773082 ]

Screens position:
        [  0. 100.   0.]
        [  0.         117.88538036  24.0855386 ]
        [  0.         137.88538036  24.0855386 ]
        [  0.         737.82689476  32.4628468 ]
        [  0.         757.82689476  32.4628468 ]
        [  0.         775.71227512   8.3773082 ]
        on_focus: [  0.         437.85613756  28.2741927 ]
        on_focus_tilt: [  0.         437.85613756  28.2741927 ]
        detector: [  0.         795.71227512   8.3773082 ]