1.0
beam direction:
        [0. 1. 0.]
        [0.         0.59617935 0.80285129]
        [0. 1. 0.]
        [0.         0.99997563 0.00698126]
        [0. 1. 0.]
        [ 0.          0.59617935 -0.80285129]
        [0. 1. 0.]

OEs position:
        crystal0: [  0. 100.   0.]
        crystal1: [  0.         117.88538036  24.0855386 ]
        parabolic_mirror2: [  0.         137.88538036  24.0855386 ]
        parabolic_mirror3: [  0.         737.87075878  28.27429478]
        crystal4: [  0.         757.87075878  28.27429478]
        crystal5: [  0.         775.75613914   4.18875618]

Screens position:
        [  0. 100.   0.]
        [  0.         117.88538036  24.0855386 ]
        [  0.         137.88538036  24.0855386 ]
        [  0.         737.87075878  28.27429478]
        [  0.         757.87075878  28.27429478]
        [  0.         775.75613914   4.18875618]
        on_focus_tilt: [  0.         437.87806957  26.17991669]
        detector: [  0.         795.75613914   4.18875618]



1.2
beam direction:
        [0. 1. 0.]
        [0.         0.59617935 0.80285129]
        [0. 1. 0.]
        [0.         0.99997563 0.00698126]
        [0. 1. 0.]
        [ 0.          0.99997563 -0.00698126]
        [0. 1. 0.]
        [ 0.          0.59617935 -0.80285129]
        [0. 1. 0.]

OEs position:
        crystal0: [  0. 100.   0.]
        crystal1: [  0.         117.88538036  24.0855386 ]
        parabolic_mirror2: [  0.         137.88538036  24.0855386 ]
        parabolic_mirror3: [  0.         737.87075878  28.27429478]
        parabolic_mirror4: [  0.         767.87075878  28.27429478]
        parabolic_mirror5: [   0.        1367.8561372   24.0855386]
        crystal6: [   0.        1387.8561372   24.0855386]
        crystal7: [   0.         1405.74151756    0.        ]

Screens position:
        [  0. 100.   0.]
        [  0.         117.88538036  24.0855386 ]
        [  0.         137.88538036  24.0855386 ]
        [  0.         737.87075878  28.27429478]
        [  0.         767.87075878  28.27429478]
        [   0.        1367.8561372   24.0855386]
        [   0.        1387.8561372   24.0855386]
        [   0.         1405.74151756    0.        ]
        on_focus: [  0.         437.87806957  26.17991669]
        on_focus_tilt: [  0.         437.87806957  26.17991669]
        on_focus_2: [   0.         1067.86344799   26.17991669]